Year	Named Storms	Named Storm Days	Hurricanes	Hurricane Days	Intense Hurricanes	Intense Hurricane Days	ACE	HDP	PDI	NTC	Tropical Storms	Category 1	Category 2	Category 3	Category 4	Category 5
1851	6	23.75	3	7.5	1	1	36.24	20.01	0.24	43	3	2	0	1	0	0
1852	5	33.25	5	23.5	1	2.5	73.28	62.91	0.56	66	0	3	1	1	0	0
1853	8	25	4	20.5	2	9.25	76.49	72	0.72	93	4	1	1	1	1	0
1854	5	14.5	3	7.25	1	2	31	22.86	0.25	41	2	1	1	1	0	0
1855	5	8.5	4	4	1	1	18.12	13.01	0.14	36	1	1	2	1	0	0
1856	6	23.5	4	12.75	2	2.5	48.94	37.05	0.38	61	2	2	0	1	1	0
1857	4	22	3	14.75	0	0	43	34.85	0.31	33	1	1	2	0	0	0
1858	6	21	6	15	0	0	44.79	37.34	0.33	45	0	4	2	0	0	0
1859	8	24	7	19.75	1	3	60.96	56.37	0.5	72	1	2	4	1	0	0
1860	7	29.75	6	17.5	1	1.5	62.06	49.29	0.47	63	1	1	4	1	0	0
1861	8	26.25	6	13.5	0	0	49.71	34.5	0.35	49	2	4	2	0	0	0
1862	6	21	3	13.25	0	0	46.03	36.92	0.35	35	3	1	2	0	0	0
1863	9	26	5	15.75	0	0	50.35	38.77	0.36	49	4	1	4	0	0	0
1864	5	16.75	3	9.5	0	0	26.55	18.62	0.17	29	2	3	0	0	0	0
1865	7	23	3	13	0	0	49.13	38.2	0.38	37	4	1	2	0	0	0
1866	7	31.5	7	28	1	4.5	88.08	83.75	0.75	84	0	3	3	0	1	0
1867	9	29	7	19.25	1	0.75	59.97	49.47	0.45	68	2	2	4	1	0	0
1868	4	16	3	10.5	0	0	34.65	28.48	0.26	28	1	0	3	0	0	0
1869	10	21	7	16.25	1	1	51.02	45.46	0.4	66	3	2	4	1	0	0
1870	11	38.25	10	28.25	2	2.5	87.8	76.54	0.68	102	1	5	3	2	0	0
1871	8	48.25	6	22.5	2	3.25	88.39	62.34	0.65	88	2	3	1	2	0	0
1872	5	41.5	4	22.25	0	0	65.38	48.01	0.43	49	1	3	1	0	0	0
1873	5	35.5	3	20.75	2	2.5	69.47	55.94	0.52	66	2	1	0	2	0	0
1874	7	35.25	4	11	0	0	47.05	23.08	0.28	43	3	3	1	0	0	0
1875	6	37	5	26.25	1	0.5	72.48	61.4	0.52	64	1	3	1	1	0	0
1876	5	31	4	15.25	2	1.25	57.05	39.9	0.41	60	1	1	1	2	0	0
1877	8	49.5	3	20.75	1	0.25	73.36	46.84	0.47	61	5	2	0	1	0	0
1878	12	90	10	50.25	2	10	180.85	141.51	1.4	162	2	4	4	1	1	0
1879	8	43	6	12.25	2	2	63.63	33.59	0.43	75	2	2	2	2	0	0
1880	11	68.75	9	35.5	2	4.75	131.08	97.25	0.99	122	2	6	1	0	2	0
1881	7	37.25	4	15	0	0	59.25	36.18	0.39	46	3	2	2	0	0	0
1882	6	33.75	5	19.5	2	1.25	63.01	48.98	0.46	68	1	2	1	1	1	0
1883	4	28.5	3	20.5	2	4	66.7	59.7	0.55	67	1	1	0	2	0	0
1884	4	35.75	4	22.5	1	2	72.06	58.14	0.53	60	0	2	1	1	0	0
1885	8	41.5	6	13.5	1	0.25	58.32	30.5	0.36	62	2	5	0	1	0	0
1886	12	84.25	10	49.5	4	4.5	166.3	135.76	1.27	155	2	1	5	3	1	0
1887	19	106.25	11	47	2	6.75	181.58	129.99	1.32	169	8	5	4	2	0	0
1888	9	50.75	6	21	2	2.25	84.95	58.57	0.61	86	3	2	2	2	0	0
1889	9	73.75	6	22.25	0	0	104.04	56.24	0.67	73	3	4	2	0	0	0
1890	4	19.25	2	7.25	1	2	33.35	23.68	0.25	38	2	1	0	1	0	0
1891	10	66	7	39.5	1	1.25	116.11	94.87	0.82	98	3	3	3	1	0	0
1892	9	73.5	5	32.5	0	0	115.84	82.35	0.79	77	4	2	3	0	0	0
1893	12	98.75	10	61.5	5	22	231.15	195.82	1.92	234	2	1	4	4	1	0
1894	7	60	5	39	4	9	135.42	117.71	1.1	132	2	0	1	3	1	0
1895	6	42.75	2	16.5	0	0	68.77	48.58	0.5	42	4	0	2	0	0	0
1896	7	59.5	6	41.5	2	6.25	136.08	120.5	1.09	113	1	0	4	2	0	0
1897	6	41	3	11.75	0	0	54.54	29.88	0.35	41	3	2	1	0	0	0
1898	11	72	5	23.5	1	1.5	113.24	69.17	0.8	86	6	3	1	0	1	0
1899	9	71	5	37	2	16.5	149.9	122.73	1.26	149	4	0	3	1	1	0
1900	7	52.25	3	19.25	2	3.25	83.71	55.92	0.62	77	4	0	1	1	1	0
1901	12	80.25	5	17.5	0	0	93.02	41.84	0.56	74	7	4	1	0	0	0
1902	5	24.25	3	7	0	0	32.65	18.01	0.21	30	2	1	2	0	0	0
1903	10	60.25	7	30.25	1	3.75	102.07	73.93	0.72	98	3	3	3	1	0	0
1904	5	26.5	3	4	0	0	24.78	7.44	0.13	29	2	3	0	0	0	0
1905	5	26.25	1	3.25	1	1.25	28.38	10.95	0.18	34	4	0	0	1	0	0
1906	11	93.75	6	36.5	3	11	162.88	113.88	1.25	151	5	2	1	2	1	0
1907	5	20.5	0	0	0	0	13.06	0	0.05	16	5	0	0	0	0	0
1908	10	60	6	26.5	1	2.75	95.11	66.84	0.67	89	4	2	3	1	0	0
1909	11	54.25	6	24	4	6.5	92.22	70.09	0.7	121	5	0	2	4	0	0
1910	5	27	3	18.5	1	2.75	64.27	57.27	0.54	55	2	0	2	0	1	0
1911	6	30	3	7	0	0	34.66	16.44	0.21	34	3	1	2	0	0	0
1912	7	39.25	4	13.75	1	1.75	56.49	35.01	0.38	59	3	2	1	1	0	0
1913	6	35.5	4	4	0	0	35.6	7.67	0.18	36	2	4	0	0	0	0
1914	1	3.25	0	0	0	0	2.53	0	0.01	3	1	0	0	0	0	0
1915	5	43	4	33.25	3	10.75	118.12	109.72	1.04	115	1	0	1	1	2	0
1916	14	88.25	11	46.75	6	10.75	176.65	143.16	1.4	196	3	1	4	6	0	0
1917	3	19.75	2	13.5	2	5.75	51.85	46.58	0.45	60	1	0	0	2	0	0
1918	5	22.5	3	7.75	0	0	28.6	17.15	0.18	30	2	1	2	0	0	0
1919	3	19.5	1	10	1	5.75	48.04	40.75	0.45	48	2	0	0	0	1	0
1920	4	22.75	4	7.75	0	0	31.08	19.62	0.21	31	0	2	2	0	0	0
1921	6	39.5	4	19.25	2	4.5	75.07	59.37	0.59	78	2	1	1	1	1	0
1922	4	28.25	2	11.75	1	5.75	57.52	46.32	0.53	57	2	0	1	0	1	0
1923	7	37.5	3	13.25	1	2.5	54.38	38.72	0.39	58	4	0	2	1	0	0
1924	8	50.75	5	23	2	5	89.4	69.23	0.69	92	3	1	2	1	1	0
1925	2	6.75	1	1.5	0	0	6.77	3.19	0.04	10	1	0	1	0	0	0
1926	11	86.75	8	55	6	23	222.36	196.61	2	229	3	0	2	2	4	0
1927	7	36.75	4	13.25	2	3.75	56.04	40.57	0.42	72	3	1	1	2	0	0
1928	6	43.5	4	12.25	1	5.5	75.11	51.47	0.67	70	2	2	1	0	0	1
1929	3	19	3	13	1	2.5	43.43	38.13	0.36	45	0	2	0	0	1	0
1930	2	23.5	2	9.5	1	1.5	39.07	28.23	0.3	36	0	0	1	0	1	0
1931	9	47	2	3	1	0.25	39.36	7.23	0.2	47	7	0	1	1	0	0
1932	11	78	6	27	4	11.25	135.97	101.19	1.15	147	5	1	1	1	2	1
1933	21	136	10	50.25	5	10.5	213.02	151.7	1.6	216	11	2	3	3	2	0
1934	11	59	6	11.75	0	0	60.28	24.85	0.33	64	5	4	2	0	0	0
1935	6	42.5	5	26.75	3	7.25	94.67	79.97	0.78	103	1	2	0	2	0	1
1936	16	70	7	30.5	1	2.5	107.93	83.39	0.78	108	9	4	2	1	0	0
1937	9	47	3	15	0	0	60.92	39.77	0.4	50	6	0	3	0	0	0
1938	8	39.25	3	14.75	1	4.5	72.55	53.8	0.63	68	5	0	2	0	0	1
1939	5	28.5	3	5.5	1	1.5	34.05	15.97	0.22	43	2	2	0	0	1	0
1940	8	46.25	4	14	0	0	52.19	30.28	0.31	50	4	3	1	0	0	0
1941	6	42.25	4	15.75	2	1.5	60.5	39.42	0.41	66	2	2	0	2	0	0
1942	10	53.25	4	14.25	1	0.75	66.4	37.2	0.43	66	6	1	2	1	0	0
1943	10	46.75	5	24	2	4.5	94.43	74.18	0.75	93	5	1	2	1	1	0
1944	11	53	7	27.25	3	5.25	96.49	75.24	0.73	115	4	3	1	2	1	0
1945	11	41.75	5	13.75	3	4.75	66.78	43.83	0.51	94	6	0	2	1	2	0
1946	6	16.75	3	5.75	1	0.75	21.63	14.28	0.15	38	3	1	1	0	1	0
1947	9	52.5	5	28	2	7.25	112.47	93.29	0.99	105	4	2	1	1	0	1
1948	9	51.75	6	28.75	4	7	106.48	87.56	0.85	122	3	2	0	2	2	0
1949	13	62.25	7	21.5	3	5.25	97.89	66.31	0.73	117	6	1	3	1	2	0
1950	13	98	11	59.5	8	18.5	242.92	211.06	2.23	247	2	1	2	5	2	1
1951	10	57.75	8	36.25	5	8.25	136.62	117.78	1.17	148	2	2	1	3	1	1
1952	7	39.75	6	22.75	3	7	87.07	72.98	0.72	103	1	1	2	2	1	0
1953	14	64.5	6	18	4	6.75	103.65	63.03	0.8	127	8	1	1	3	1	0
1954	11	51.75	8	31.5	2	9.5	113.16	95.42	0.93	127	3	3	3	1	1	0
1955	12	82.75	9	46.75	6	17.25	199.33	168.76	1.8	207	3	1	2	4	1	1
1956	8	30	4	12.75	2	2.75	54.21	39.84	0.42	68	4	2	0	1	1	0
1957	8	38	3	21	2	6.5	83.76	70.6	0.74	86	5	1	0	0	2	0
1958	10	55.5	7	30.25	5	9.5	120.89	98.49	1.02	144	3	2	0	2	2	1
1959	11	40	7	22	2	4.25	77.5	61.9	0.61	96	4	5	0	1	1	0
1960	7	29.5	4	18.25	2	9.75	88	79.64	0.9	93	3	1	1	0	0	2
1961	11	70.75	8	47.5	7	24.5	205.4	182.38	1.95	230	3	1	0	3	2	2
1962	5	22.25	3	10.75	1	0.5	35.57	26.12	0.25	41	2	0	2	1	0	0
1963	9	52	7	37.25	2	7	117.93	106.14	0.97	116	2	2	3	1	1	0
1964	12	71.25	6	43	6	14.75	169.77	147.43	1.51	184	6	0	0	2	4	0
1965	6	39.5	4	27.25	1	7.5	84.33	76.05	0.7	86	2	2	1	0	1	0
1966	11	64	7	41.75	3	8.75	145.22	125.41	1.21	140	4	4	0	2	1	0
1967	8	58	6	36.25	1	5.75	121.71	101.57	0.98	102	2	4	1	0	0	1
1968	7	26.5	4	10	0	0	35.2	17.79	0.2	39	3	4	0	0	0	0
1969	17	83.25	12	40	5	6.75	157.75	113.88	1.24	178	5	5	2	4	0	1
1970	10	23.25	5	6.75	2	1	34.24	17.8	0.23	62	5	2	1	2	0	0
1971	13	63	6	28.75	1	1	96.77	64.79	0.65	91	7	4	1	0	0	1
1972	4	21	3	6.25	0	0	27.52	14.46	0.17	27	1	2	1	0	0	0
1973	7	32.5	4	10	1	0.25	42.73	21.43	0.26	49	3	3	0	1	0	0
1974	7	31.5	4	14.25	2	4.25	60.9	45.65	0.49	72	3	1	1	1	1	0
1975	8	42.5	6	20.5	3	2.25	72.95	53.3	0.53	88	2	1	2	2	1	0
1976	8	44.75	6	25.5	2	1	81.23	65.09	0.59	81	2	2	2	2	0	0
1977	6	13.75	5	6.75	1	1	24.71	18.59	0.2	44	1	4	0	0	0	1
1978	11	40.5	5	13.5	2	3.5	61.52	40.22	0.45	82	6	2	1	0	2	0
1979	8	44.25	5	21.5	2	5.75	91.27	72.8	0.82	91	3	2	1	0	1	1
1980	11	60	9	38.25	2	7.25	146.71	126.01	1.35	130	2	4	3	1	0	1
1981	11	59.75	7	22.5	3	3.75	93.26	62.75	0.67	109	4	3	1	2	1	0
1982	5	16.25	2	5.75	1	1.25	28.6	18.11	0.21	35	3	1	0	0	1	0
1983	4	13.5	3	3.5	1	0.25	16.84	7.85	0.1	30	1	2	0	1	0	0
1984	12	51.25	5	18.25	1	0.75	70.94	42.37	0.46	75	7	3	1	0	1	0
1985	11	51.25	7	21.25	3	4	87.98	60.69	0.65	106	4	4	0	2	1	0
1986	6	23.25	4	10.5	0	0	35.79	25.17	0.24	37	2	3	1	0	0	0
1987	7	37.25	3	5	1	0.5	34.36	11.3	0.19	46	4	2	0	1	0	0
1988	12	46.75	5	21.25	3	9	103.02	81.07	0.93	117	7	2	0	0	2	1
1989	11	66	7	31.75	2	9.75	135.26	107.83	1.16	130	4	3	2	0	1	1
1990	14	66.25	8	26.75	1	1	91.17	57.38	0.58	98	6	5	2	1	0	0
1991	8	22.25	4	8.25	2	1.25	33.97	22.49	0.24	57	4	1	1	1	1	0
1992	6	38.75	4	16	1	3.5	75.13	54.45	0.63	65	2	1	2	0	0	1
1993	8	30	4	9.5	1	0.75	38.67	23.3	0.25	52	4	2	1	1	0	0
1994	7	27.75	3	7.25	0	0	31.53	15.5	0.18	35	4	2	1	0	0	0
1995	19	121.25	11	61.75	5	11.5	227.47	172.85	1.75	222	8	4	2	2	3	0
1996	13	79	9	45	6	13	166.18	136.48	1.38	192	4	3	0	4	2	0
1997	7	28.75	3	9.5	1	2.25	40.12	25.63	0.28	52	4	2	0	1	0	0
1998	14	88	10	48.5	3	9.5	181.77	149.11	1.53	169	4	3	4	1	1	1
1999	12	78.5	8	41	5	14.25	176.53	141.37	1.54	182	4	0	3	0	5	0
2000	14	67	8	32.75	3	5	115.57	85.38	0.85	130	6	4	1	1	2	0
2001	15	64.25	9	25.5	4	4.25	105.57	69.7	0.77	134	6	4	1	2	2	0
2002	12	53.5	4	10.75	2	3	65.13	32.15	0.43	82	8	1	1	1	1	0
2003	16	79.25	7	32.75	3	16.75	174.75	132.78	1.59	174	9	3	1	1	1	1
2004	14	90	9	45.5	6	22.25	224.75	186.02	2.12	229	5	2	1	2	3	1
2005	27	128.75	15	49.75	7	17.75	248.07	175.14	2.13	277	12	7	1	2	1	4
2006	10	52.75	5	21.25	2	2	77.5	51.7	1.33	85	5	3	0	2	0	0
2007	15	37.75	6	12.25	2	6	74	0	0	99	9	4	0	0	0	2
2008	16	88.25	8	30.5	5	7.5	146	0	0	162	8	2	1	1	4	0
2009	9	30.5	3	12.25	2	3.5	53	0	0	69	6	0	1	1	1	0
2010	19	89.75	12	38.5	5	11	166	0	0	196	7	3	4	1	4	0
2011	19	88.75	7	26	4	4.5	125	0	0	145	12	3	0	2	2	0